Name           1   2   3
G_K02470.jpg  15  31  37
G_K02503.jpg  31  57  64
G_K02510.jpg  40  66  72
G_K02516.jpg  46  69  75
G_K02573.jpg  43  55  61
G_K02574.jpg  36  52  55
G_K02575.jpg  36  53  56
G_K02596.jpg  62  84  86
G_K02599.jpg  81  97  99
G_K02600.jpg  54  73  81
G_K02622.jpg  27  40  40
G_K02627.jpg  38  52  49
G_K02628.jpg  30  43  41
G_K02630.jpg  47  62  60
G_K02639.jpg  47  64  75
G_K02644.jpg  51  69  82
G_K02647.jpg  51  69  81
G_K02649.jpg  52  61  65
G_K02650.jpg  43  53  59
G_K02651.jpg  61  68  70
G_K02652.jpg  55  66  74
G_K02654.jpg  59  67  71
G_K02656.jpg  56  68  74
G_K02657.jpg  53  62  66
G_K02658.jpg  66  81  89
G_K02659.jpg  54  71  78
G_K02661.jpg  60  73  86
G_K02678.jpg  56  73  81
G_K02679.jpg  49  64  72
G_K02681.jpg  75  78  85
G_K02687.jpg  79  76  74
G_K02689.jpg  71  72  76
G_K02693.jpg  72  75  78
G_K02694.jpg  62  80  77
G_K02701.jpg  71  89  92
G_K02704.jpg  54  61  61
G_K02707.jpg  67  72  79
G_K02711.jpg  63  78  70
G_K02719.jpg  68  89  84
G_K02732.jpg  60  79  75
G_K02745.jpg  54  75  71
G_K02753.jpg  75  96  85
G_K02755.jpg  65  82  72
G_K02767.jpg  64  71  83
G_K02771.jpg  75  81  87
G_K02773.jpg  57  65  73
G_K02800.jpg  115  128  120
G_K02817.jpg  121  134  126
G_K02822.jpg  111  123  116
G_K02826.jpg  102  113  107
G_K02830.jpg  107  118  111
G_K02846.jpg  127  139  140
G_K02847.jpg  125  138  140
G_K02848.jpg  138  150  150
G_K02858.jpg  126  140  139
G_K02860.jpg  143  157  153
G_K02866.jpg  138  147  144
G_K02867.jpg  108  113  112
G_K02868.jpg  129  134  132
G_K02869.jpg  163  169  166
G_K02870.jpg  97  100  98
G_K02871.jpg  141  146  144
G_K02872.jpg  119  125  123
G_K02877.jpg  130  140  135
G_K02878.jpg  135  146  139
G_K02880.jpg  103  114  108
G_K02888.jpg  121  135  129
G_K02898.jpg  128  145  138
G_K02912.jpg  111  125  119
G_K02914.jpg  109  123  116
G_K02920.jpg  109  125  118
G_K02921.jpg  125  137  131
G_K02922.jpg  98  110  104
G_K02926.jpg  115  126  120
G_K02929.jpg  125  137  130
G_K02930.jpg  119  131  124
G_K02931.jpg  113  125  118
G_K02932.jpg  111  122  116
G_K02933.jpg  114  125  119
